{
 "cells": [
  {
   "cell_type": "code",
   "execution_count": 9,
   "id": "36019986-d4a6-40bc-8fab-c80b3c933392",
   "metadata": {},
   "outputs": [
    {
     "name": "stdout",
     "output_type": "stream",
     "text": [
      "Matrix A:\n",
      "[[ 0  1  2  3  4  5  6  7  8  9 10 11 12 13 14 15]\n",
      " [ 1  2  3  4  5  6  7  8  9 10 11 12 13 14 15 16]\n",
      " [ 2  3  4  5  6  7  8  9 10 11 12 13 14 15 16 17]\n",
      " [ 3  4  5  6  7  8  9 10 11 12 13 14 15 16 17 18]\n",
      " [ 4  5  6  7  8  9 10 11 12 13 14 15 16 17 18 19]\n",
      " [ 5  6  7  8  9 10 11 12 13 14 15 16 17 18 19 20]\n",
      " [ 6  7  8  9 10 11 12 13 14 15 16 17 18 19 20 21]\n",
      " [ 7  8  9 10 11 12 13 14 15 16 17 18 19 20 21 22]\n",
      " [ 8  9 10 11 12 13 14 15 16 17 18 19 20 21 22 23]\n",
      " [ 9 10 11 12 13 14 15 16 17 18 19 20 21 22 23 24]\n",
      " [10 11 12 13 14 15 16 17 18 19 20 21 22 23 24 25]\n",
      " [11 12 13 14 15 16 17 18 19 20 21 22 23 24 25 26]\n",
      " [12 13 14 15 16 17 18 19 20 21 22 23 24 25 26 27]\n",
      " [13 14 15 16 17 18 19 20 21 22 23 24 25 26 27 28]\n",
      " [14 15 16 17 18 19 20 21 22 23 24 25 26 27 28 29]\n",
      " [15 16 17 18 19 20 21 22 23 24 25 26 27 28 29 30]]\n",
      "Matrix B:\n",
      "[[  0  -1  -2  -3  -4  -5  -6  -7  -8  -9 -10 -11 -12 -13 -14 -15]\n",
      " [  1   0  -1  -2  -3  -4  -5  -6  -7  -8  -9 -10 -11 -12 -13 -14]\n",
      " [  2   1   0  -1  -2  -3  -4  -5  -6  -7  -8  -9 -10 -11 -12 -13]\n",
      " [  3   2   1   0  -1  -2  -3  -4  -5  -6  -7  -8  -9 -10 -11 -12]\n",
      " [  4   3   2   1   0  -1  -2  -3  -4  -5  -6  -7  -8  -9 -10 -11]\n",
      " [  5   4   3   2   1   0  -1  -2  -3  -4  -5  -6  -7  -8  -9 -10]\n",
      " [  6   5   4   3   2   1   0  -1  -2  -3  -4  -5  -6  -7  -8  -9]\n",
      " [  7   6   5   4   3   2   1   0  -1  -2  -3  -4  -5  -6  -7  -8]\n",
      " [  8   7   6   5   4   3   2   1   0  -1  -2  -3  -4  -5  -6  -7]\n",
      " [  9   8   7   6   5   4   3   2   1   0  -1  -2  -3  -4  -5  -6]\n",
      " [ 10   9   8   7   6   5   4   3   2   1   0  -1  -2  -3  -4  -5]\n",
      " [ 11  10   9   8   7   6   5   4   3   2   1   0  -1  -2  -3  -4]\n",
      " [ 12  11  10   9   8   7   6   5   4   3   2   1   0  -1  -2  -3]\n",
      " [ 13  12  11  10   9   8   7   6   5   4   3   2   1   0  -1  -2]\n",
      " [ 14  13  12  11  10   9   8   7   6   5   4   3   2   1   0  -1]\n",
      " [ 15  14  13  12  11  10   9   8   7   6   5   4   3   2   1   0]]\n",
      "Result AB (Plain Accelerator):\n",
      "[[1240 1360 1480 1600 1720 1840 1960 2080 2200 2320 2440 2560 2680 2800\n",
      "  2920 3040]\n",
      " [1360 1496 1632 1768 1904 2040 2176 2312 2448 2584 2720 2856 2992 3128\n",
      "  3264 3400]\n",
      " [1480 1632 1784 1936 2088 2240 2392 2544 2696 2848 3000 3152 3304 3456\n",
      "  3608 3760]\n",
      " [1600 1768 1936 2104 2272 2440 2608 2776 2944 3112 3280 3448 3616 3784\n",
      "  3952 4120]\n",
      " [1720 1904 2088 2272 2456 2640 2824 3008 3192 3376 3560 3744 3928 4112\n",
      "  4296 4480]\n",
      " [1840 2040 2240 2440 2640 2840 3040 3240 3440 3640 3840 4040 4240 4440\n",
      "  4640 4840]\n",
      " [1960 2176 2392 2608 2824 3040 3256 3472 3688 3904 4120 4336 4552 4768\n",
      "  4984 5200]\n",
      " [2080 2312 2544 2776 3008 3240 3472 3704 3936 4168 4400 4632 4864 5096\n",
      "  5328 5560]\n",
      " [2200 2448 2696 2944 3192 3440 3688 3936 4184 4432 4680 4928 5176 5424\n",
      "  5672 5920]\n",
      " [2320 2584 2848 3112 3376 3640 3904 4168 4432 4696 4960 5224 5488 5752\n",
      "  6016 6280]\n",
      " [2440 2720 3000 3280 3560 3840 4120 4400 4680 4960 5240 5520 5800 6080\n",
      "  6360 6640]\n",
      " [2560 2856 3152 3448 3744 4040 4336 4632 4928 5224 5520 5816 6112 6408\n",
      "  6704 7000]\n",
      " [2680 2992 3304 3616 3928 4240 4552 4864 5176 5488 5800 6112 6424 6736\n",
      "  7048 7360]\n",
      " [2800 3128 3456 3784 4112 4440 4768 5096 5424 5752 6080 6408 6736 7064\n",
      "  7392 7720]\n",
      " [2920 3264 3608 3952 4296 4640 4984 5328 5672 6016 6360 6704 7048 7392\n",
      "  7736 8080]\n",
      " [3040 3400 3760 4120 4480 4840 5200 5560 5920 6280 6640 7000 7360 7720\n",
      "  8080 8440]]\n",
      "Execution Time (Plain Accelerator): 0.000643 seconds\n"
     ]
    }
   ],
   "source": [
    "\n",
    "import numpy as np\n",
    "import pynq\n",
    "from pynq import Overlay\n",
    "import time\n",
    "\n",
    "# Load the overlay\n",
    "overlay = Overlay(\"/home/ubuntu/EECS298_Final/part1/optimized_matrix/matmul_optimal.bit\")\n",
    "\n",
    "# Access the matrix multiplication IP instance in the overlay\n",
    "matmul_inst = overlay.pl_matmul_opt_0\n",
    "\n",
    "# Define matrix sizes\n",
    "M = 16\n",
    "N = 16\n",
    "K = 16\n",
    "\n",
    "# Allocate memory for matrices A, B, and the result AB\n",
    "matrix_A = pynq.allocate(shape=(M, K), dtype=np.int32)\n",
    "matrix_B = pynq.allocate(shape=(K, N), dtype=np.int32)\n",
    "matrix_AB = pynq.allocate(shape=(M, N), dtype=np.int32)\n",
    "\n",
    "# Initialize matrices A and B with some values\n",
    "for i in range(M):\n",
    "    for j in range(K):\n",
    "        matrix_A[i][j] = np.int32(i + j)\n",
    "\n",
    "for i in range(K):\n",
    "    for j in range(N):\n",
    "        matrix_B[i][j] = np.int32(i - j)\n",
    "\n",
    "# Initialize matrix AB with -1.0\n",
    "for i in range(M):\n",
    "    for j in range(N):\n",
    "        matrix_AB[i][j] = np.int32(-1)\n",
    "\n",
    "# Synchronize data to the FPGA\n",
    "matrix_A.sync_to_device()\n",
    "matrix_B.sync_to_device()\n",
    "matrix_AB.sync_to_device()\n",
    "\n",
    "# Set the physical addresses of matrices A, B, and AB\n",
    "matmul_inst.mmio.write_reg(0x10, matrix_A.physical_address)\n",
    "matmul_inst.mmio.write_reg(0x14, 0)\n",
    "matmul_inst.mmio.write_reg(0x1C, matrix_B.physical_address)\n",
    "matmul_inst.mmio.write_reg(0x20, 0)\n",
    "matmul_inst.mmio.write_reg(0x28, matrix_AB.physical_address)\n",
    "matmul_inst.mmio.write_reg(0x2C, 0)\n",
    "\n",
    "# Measure execution time for plain accelerator\n",
    "start_time_plain = time.time()\n",
    "\n",
    "# Trigger the matrix multiplication IP\n",
    "matmul_inst.write(0x00, 1)\n",
    "\n",
    "# Wait for the accelerator to finish\n",
    "while matmul_inst.read(0x00) == 14:\n",
    "    pass\n",
    "\n",
    "end_time_plain = time.time()\n",
    "execution_time_plain = end_time_plain - start_time_plain\n",
    "\n",
    "# Synchronize data back from the FPGA\n",
    "matrix_A.sync_from_device()\n",
    "matrix_B.sync_from_device()\n",
    "matrix_AB.sync_from_device()\n",
    "\n",
    "# Print results and execution time for plain accelerator\n",
    "print(\"Matrix A:\")\n",
    "print(matrix_A)\n",
    "print(\"Matrix B:\")\n",
    "print(matrix_B)\n",
    "print(\"Result AB (Plain Accelerator):\")\n",
    "print(matrix_AB)\n",
    "print(f\"Execution Time (Plain Accelerator): {execution_time_plain:.6f} seconds\")\n",
    "\n",
    "# --------------------------------------------------------------------------\n",
    "\n",
    "# Now you can repeat the process for the NumPy version and the optimized accelerator.\n",
    "# You should adjust the matrices and IP instances accordingly.\n",
    "\n",
    "# --------------------------------------------------------------------------\n",
    "\n",
    "# Release allocated memory\n",
    "matrix_A.freebuffer()\n",
    "matrix_B.freebuffer()\n",
    "matrix_AB.freebuffer()"
   ]
  },
  {
   "cell_type": "code",
   "execution_count": 4,
   "id": "dd94058a-8ab1-4ba1-b5dd-29e6e58cb201",
   "metadata": {},
   "outputs": [],
   "source": [
    "ip_dict = overlay.ip_dict"
   ]
  },
  {
   "cell_type": "code",
   "execution_count": 5,
   "id": "9c76d554-4a57-4487-91c2-4b32cb36196a",
   "metadata": {},
   "outputs": [
    {
     "name": "stdout",
     "output_type": "stream",
     "text": [
      "IP Block Name: pl_matmul_opt_0\n",
      "IP Block Name: zynq_ultra_ps_e_0\n"
     ]
    }
   ],
   "source": [
    "for ip_name in ip_dict.keys():\n",
    "    print(\"IP Block Name:\", ip_name)"
   ]
  },
  {
   "cell_type": "code",
   "execution_count": null,
   "id": "92ac7398-f672-4c9a-bbda-563422e6710c",
   "metadata": {},
   "outputs": [],
   "source": []
  }
 ],
 "metadata": {
  "kernelspec": {
   "display_name": "Python 3 (ipykernel)",
   "language": "python",
   "name": "python3"
  },
  "language_info": {
   "codemirror_mode": {
    "name": "ipython",
    "version": 3
   },
   "file_extension": ".py",
   "mimetype": "text/x-python",
   "name": "python",
   "nbconvert_exporter": "python",
   "pygments_lexer": "ipython3",
   "version": "3.10.12"
  }
 },
 "nbformat": 4,
 "nbformat_minor": 5
}
